500 4963
0 2
0 3
0 4
0 6
0 8
0 13
0 14
0 15
0 16
0 19
0 20
0 22
0 23
0 25
0 26
0 27
0 29
0 30
0 34
0 37
0 41
0 42
0 43
0 44
0 48
1 2
1 3
1 6
1 10
1 17
1 20
1 22
1 23
1 24
1 27
1 28
1 31
1 35
1 41
1 42
1 43
1 44
1 45
1 47
1 48
2 3
2 5
2 8
2 9
2 10
2 12
2 14
2 16
2 20
2 21
2 22
2 24
2 25
2 30
2 31
2 36
2 37
2 42
2 44
2 47
2 49
3 4
3 11
3 13
3 16
3 18
3 21
3 24
3 26
3 27
3 28
3 29
3 33
3 41
3 44
3 45
4 6
4 11
4 12
4 15
4 16
4 17
4 20
4 25
4 36
4 41
4 44
4 45
4 47
4 75
4 332
5 15
5 16
5 18
5 19
5 21
5 22
5 23
5 26
5 29
5 31
5 32
5 35
5 37
5 38
5 39
5 42
5 43
6 7
6 9
6 10
6 12
6 15
6 17
6 18
6 22
6 23
6 26
6 27
6 31
6 34
6 36
6 40
6 41
6 45
6 47
6 48
6 49
7 12
7 19
7 22
7 24
7 28
7 29
7 37
7 41
7 42
7 43
7 49
8 10
8 12
8 13
8 16
8 19
8 21
8 24
8 25
8 29
8 31
8 32
8 33
8 36
8 40
8 43
8 44
8 45
8 47
8 48
9 10
9 11
9 12
9 13
9 15
9 16
9 17
9 19
9 20
9 22
9 23
9 24
9 25
9 26
9 27
9 29
9 34
9 35
9 36
9 37
9 40
9 232
10 11
10 16
10 18
10 26
10 29
10 31
10 32
10 34
10 35
10 36
10 42
10 44
10 45
10 46
10 47
10 48
11 19
11 26
11 27
11 31
11 32
11 40
11 45
11 46
11 47
11 49
11 140
11 243
12 14
12 18
12 20
12 23
12 29
12 30
12 31
12 33
12 36
12 37
12 38
12 39
12 42
12 45
12 46
12 48
13 14
13 16
13 17
13 18
13 20
13 21
13 23
13 25
13 27
13 30
13 31
13 34
13 36
13 37
13 39
13 40
13 42
13 43
13 44
13 45
13 46
13 48
13 49
14 15
14 17
14 18
14 19
14 25
14 27
14 28
14 30
14 31
14 32
14 33
14 34
14 38
14 43
14 45
14 47
14 48
15 17
15 20
15 23
15 24
15 28
15 30
15 38
15 41
15 42
15 45
15 47
15 48
16 18
16 19
16 20
16 23
16 24
16 25
16 29
16 31
16 32
16 34
16 35
16 36
16 37
16 38
16 42
16 45
16 47
16 335
17 20
17 21
17 25
17 26
17 30
17 33
17 35
17 39
17 45
17 48
17 407
17 496
18 20
18 25
18 26
18 30
18 32
18 33
18 36
18 39
18 41
18 42
18 43
18 44
18 46
18 47
18 48
19 20
19 22
19 24
19 26
19 27
19 28
19 29
19 30
19 32
19 37
19 38
19 40
19 42
19 48
19 104
20 25
20 30
20 31
20 34
20 35
20 36
20 42
20 43
20 45
20 48
20 194
21 22
21 23
21 26
21 27
21 30
21 31
21 34
21 35
21 38
21 42
21 44
21 45
21 46
22 23
22 24
22 33
22 34
22 37
22 40
22 43
22 44
22 47
22 48
22 49
23 25
23 30
23 32
23 33
23 34
23 40
23 42
23 45
24 28
24 32
24 33
24 34
24 35
24 41
24 44
24 45
24 48
24 49
25 30
25 33
25 34
25 40
25 42
25 43
25 44
25 48
26 32
26 36
26 39
26 40
26 42
26 43
26 46
26 248
27 28
27 29
27 32
27 37
27 42
27 45
27 46
27 48
27 450
28 29
28 30
28 31
28 33
28 34
28 35
28 37
28 38
28 39
28 40
28 41
28 42
28 44
28 48
28 217
29 36
29 44
29 47
30 33
30 35
30 37
30 39
30 40
30 42
30 44
30 49
31 33
31 35
31 36
31 37
31 40
31 43
31 47
31 133
32 34
32 35
32 37
32 38
32 39
32 40
32 43
32 44
32 47
32 48
32 252
32 271
33 36
33 40
33 41
33 45
33 46
33 47
33 48
33 49
34 38
34 39
34 41
34 43
34 44
34 45
34 46
34 47
35 36
35 37
35 41
35 43
35 45
35 46
35 47
35 48
36 37
36 42
36 43
36 44
36 46
36 48
37 38
37 41
37 42
37 44
37 48
38 40
38 41
38 45
38 47
38 48
38 49
39 42
39 48
39 88
40 41
40 42
40 43
40 45
41 43
41 45
41 46
41 48
42 44
42 47
42 48
43 49
44 46
44 48
45 49
46 47
46 458
47 48
50 55
50 56
50 62
50 67
50 68
50 71
50 72
50 74
50 75
50 76
50 78
50 79
50 81
50 83
50 86
50 89
50 96
51 52
51 53
51 55
51 56
51 60
51 61
51 62
51 64
51 65
51 66
51 67
51 68
51 69
51 71
51 74
51 76
51 77
51 80
51 82
51 83
51 85
51 87
51 93
51 94
51 97
51 98
52 53
52 54
52 57
52 60
52 63
52 65
52 67
52 69
52 70
52 71
52 81
52 83
52 84
52 87
52 88
52 89
52 90
52 91
52 99
53 55
53 56
53 58
53 64
53 66
53 69
53 70
53 71
53 74
53 76
53 78
53 79
53 81
53 82
53 85
53 87
53 88
53 90
53 96
53 97
54 57
54 63
54 65
54 68
54 70
54 71
54 72
54 73
54 75
54 76
54 79
54 80
54 87
54 88
54 95
54 97
54 99
55 56
55 57
55 58
55 62
55 63
55 65
55 67
55 70
55 72
55 74
55 75
55 79
55 82
55 83
55 84
55 85
55 86
55 88
55 89
55 90
55 91
55 93
55 95
55 97
55 98
55 99
56 57
56 62
56 72
56 80
56 82
56 84
56 86
56 87
56 90
56 91
56 95
56 96
56 97
57 58
57 59
57 62
57 63
57 64
57 65
57 68
57 71
57 73
57 74
57 76
57 77
57 78
57 84
57 85
57 87
57 88
57 96
57 99
57 126
57 203
58 61
58 67
58 69
58 71
58 72
58 73
58 75
58 80
58 81
58 85
58 86
58 92
58 96
58 98
59 60
59 61
59 62
59 65
59 67
59 70
59 75
59 77
59 79
59 80
59 81
59 84
59 87
59 88
59 90
59 91
60 61
60 66
60 69
60 73
60 75
60 78
60 83
60 84
60 86
60 90
60 94
60 96
60 98
60 99
60 141
60 158
61 62
61 63
61 64
61 65
61 66
61 69
61 77
61 79
61 82
61 83
61 84
61 89
61 91
61 96
61 120
61 456
62 64
62 66
62 72
62 73
62 76
62 78
62 82
62 84
62 85
62 92
62 95
62 96
62 97
62 98
63 66
63 70
63 73
63 76
63 77
63 80
63 82
63 83
63 88
63 95
63 98
63 99
63 310
64 65
64 66
64 67
64 69
64 71
64 73
64 75
64 76
64 77
64 81
64 84
64 85
64 87
64 91
64 92
64 94
64 99
65 70
65 71
65 73
65 74
65 75
65 79
65 83
65 84
65 87
65 89
65 90
65 96
65 97
66 67
66 68
66 72
66 75
66 76
66 77
66 79
66 82
66 83
66 84
66 86
66 87
66 88
66 96
67 68
67 73
67 76
67 79
67 80
67 81
67 82
67 83
67 84
67 85
67 88
67 89
67 94
67 95
67 96
67 97
67 98
67 99
68 72
68 73
68 79
68 84
68 85
68 87
68 88
68 91
68 93
68 94
68 96
69 72
69 77
69 81
69 82
69 87
69 89
69 91
69 92
69 93
69 94
69 95
69 98
69 99
70 76
70 78
70 80
70 84
70 86
70 87
70 89
70 90
70 91
70 98
71 72
71 77
71 78
71 80
71 81
71 82
71 83
71 84
71 86
71 88
71 89
71 91
71 92
71 94
71 95
71 96
71 98
72 76
72 77
72 80
72 83
72 86
72 89
72 90
72 91
72 93
72 95
72 98
72 99
73 74
73 75
73 79
73 81
73 84
73 85
73 86
73 92
73 93
73 94
73 95
73 97
73 98
74 75
74 76
74 82
74 85
74 87
74 88
74 92
74 94
74 95
74 98
74 257
75 78
75 83
75 90
75 192
76 78
76 79
76 81
76 83
76 84
76 86
76 90
76 91
76 92
76 93
76 96
76 97
76 98
76 99
76 403
77 79
77 81
77 83
77 88
77 90
77 94
77 96
77 97
77 98
78 81
78 82
78 83
78 85
78 89
78 90
78 92
78 94
78 97
79 83
79 86
79 87
79 88
79 89
79 90
79 95
79 96
79 98
80 81
80 83
80 84
80 85
80 91
80 93
80 94
80 95
80 96
80 98
80 389
81 86
81 91
81 97
81 98
81 99
82 83
82 84
82 87
82 88
82 89
82 90
82 92
82 94
82 97
83 84
84 85
84 86
84 91
84 92
84 93
84 98
84 99
85 86
85 87
85 95
86 90
86 91
86 94
86 97
86 98
86 99
86 460
87 92
87 94
87 97
87 99
88 89
88 90
88 94
88 95
88 99
89 90
89 92
89 95
89 97
89 98
90 92
90 93
90 94
90 95
90 97
90 107
91 92
91 94
91 95
91 97
92 97
93 94
93 95
93 373
93 438
94 95
94 97
94 98
95 97
95 98
96 99
96 188
97 99
100 103
100 104
100 105
100 108
100 109
100 110
100 111
100 112
100 114
100 117
100 118
100 122
100 123
100 126
100 128
100 130
100 131
100 132
100 137
100 139
100 140
100 141
100 144
100 146
100 148
101 105
101 110
101 111
101 112
101 116
101 121
101 127
101 134
101 135
101 136
101 140
101 142
101 143
101 149
102 104
102 107
102 115
102 119
102 120
102 124
102 125
102 128
102 134
102 137
102 142
103 109
103 115
103 120
103 122
103 123
103 125
103 128
103 130
103 132
103 133
103 137
103 138
103 140
103 142
103 143
103 144
103 146
103 147
103 178
104 108
104 110
104 112
104 113
104 115
104 120
104 123
104 124
104 125
104 128
104 130
104 131
104 133
104 137
104 138
104 140
105 110
105 111
105 112
105 113
105 114
105 122
105 123
105 125
105 127
105 130
105 136
105 137
105 139
105 140
105 144
105 146
105 147
105 148
105 249
106 109
106 111
106 115
106 118
106 120
106 122
106 124
106 127
106 129
106 131
106 138
106 139
106 140
106 144
106 145
106 149
107 108
107 109
107 110
107 111
107 112
107 113
107 116
107 118
107 120
107 124
107 126
107 128
107 129
107 131
107 136
107 140
107 143
107 144
107 145
107 146
107 147
108 109
108 113
108 114
108 115
108 117
108 118
108 119
108 122
108 124
108 126
108 132
108 134
108 136
108 138
108 140
108 141
108 144
108 146
108 149
108 330
108 386
109 110
109 114
109 115
109 119
109 123
109 124
109 129
109 133
109 135
109 137
109 138
109 139
109 142
109 144
109 146
109 148
109 149
110 112
110 114
110 115
110 118
110 119
110 123
110 128
110 130
110 131
110 133
110 134
110 138
110 139
110 140
110 144
110 148
111 112
111 113
111 114
111 115
111 116
111 117
111 119
111 120
111 124
111 125
111 127
111 128
111 130
111 134
111 135
111 140
111 143
111 146
111 148
111 155
111 316
112 113
112 116
112 119
112 127
112 132
112 142
112 146
112 147
112 149
112 462
113 114
113 121
113 122
113 125
113 126
113 127
113 128
113 129
113 131
113 133
113 134
113 135
113 137
113 141
113 142
113 147
113 176
114 118
114 123
114 127
114 137
114 138
114 140
114 141
114 143
114 144
114 355
115 120
115 123
115 124
115 125
115 129
115 130
115 132
115 134
115 135
115 136
115 138
115 143
115 144
115 145
115 149
115 349
116 123
116 124
116 125
116 126
116 128
116 129
116 132
116 134
116 135
116 136
116 140
116 141
116 144
116 146
116 149
117 118
117 119
117 121
117 122
117 125
117 126
117 127
117 128
117 130
117 132
117 135
117 138
117 139
117 142
117 143
117 144
117 146
117 147
117 148
118 122
118 124
118 125
118 126
118 127
118 129
118 131
118 134
118 138
118 142
118 143
118 144
119 127
119 128
119 131
119 132
119 133
119 136
119 138
119 142
119 147
120 123
120 130
120 131
120 132
120 133
120 134
120 139
120 140
120 143
120 145
120 146
120 147
121 122
121 125
121 133
121 135
121 137
121 138
121 139
121 143
121 146
121 147
121 148
122 126
122 129
122 132
122 133
122 134
122 140
122 142
122 144
122 145
122 147
122 314
123 124
123 129
123 131
123 133
123 136
123 480
124 125
124 126
124 130
124 131
124 134
124 137
124 143
124 144
124 145
124 146
124 149
125 126
125 129
125 137
125 139
125 142
125 144
125 147
125 149
125 302
126 127
126 128
126 129
126 133
126 134
126 135
126 140
126 141
126 143
126 145
126 148
127 130
127 135
127 144
127 148
128 130
128 135
128 146
128 147
128 148
129 135
129 136
129 139
129 140
129 146
129 148
130 131
130 132
130 133
130 134
130 136
130 137
130 138
130 139
130 141
130 143
130 145
130 146
131 132
131 133
131 135
131 144
131 145
131 146
131 148
131 149
131 491
132 135
132 137
132 141
132 146
132 149
133 135
133 140
133 141
133 142
133 148
134 139
134 140
134 142
134 144
134 146
135 138
135 139
135 142
135 145
135 146
135 147
136 137
136 141
136 147
137 142
137 144
137 339
138 139
138 140
138 142
138 144
138 145
139 143
139 144
139 145
139 148
140 141
140 144
140 147
140 148
140 363
140 421
141 142
141 144
141 387
142 143
142 145
142 147
143 144
143 145
143 146
143 147
143 204
144 147
145 147
145 148
146 148
146 338
148 149
149 153
149 393
150 152
150 153
150 154
150 155
150 157
150 158
150 160
150 163
150 164
150 165
150 174
150 178
150 181
150 182
150 184
150 189
150 190
150 194
150 195
150 196
150 198
151 152
151 154
151 155
151 157
151 159
151 160
151 169
151 172
151 173
151 175
151 176
151 177
151 182
151 183
151 184
151 194
151 197
151 199
151 328
152 154
152 155
152 157
152 159
152 160
152 161
152 162
152 165
152 166
152 169
152 171
152 183
152 189
152 190
152 191
152 192
152 193
153 156
153 159
153 161
153 162
153 166
153 168
153 171
153 172
153 174
153 178
153 182
153 183
153 184
153 189
153 193
153 194
153 312
154 163
154 164
154 169
154 173
154 180
154 184
154 186
154 187
154 188
154 193
154 199
154 372
155 158
155 159
155 162
155 164
155 165
155 168
155 169
155 170
155 172
155 178
155 180
155 181
155 182
155 183
155 184
155 188
155 196
155 197
155 198
155 199
156 161
156 162
156 163
156 166
156 167
156 172
156 173
156 175
156 177
156 179
156 181
156 182
156 184
156 187
156 195
156 196
156 198
156 199
157 161
157 164
157 165
157 167
157 169
157 170
157 172
157 174
157 178
157 179
157 183
157 185
157 189
157 197
157 204
158 160
158 161
158 163
158 164
158 165
158 168
158 169
158 171
158 172
158 173
158 175
158 176
158 184
158 186
158 195
159 162
159 165
159 166
159 168
159 170
159 171
159 172
159 173
159 176
159 177
159 179
159 183
159 185
159 189
159 190
159 193
159 194
159 197
160 163
160 166
160 176
160 179
160 181
160 186
160 190
160 191
160 192
160 195
160 199
160 293
161 162
161 166
161 168
161 170
161 172
161 173
161 177
161 179
161 181
161 187
161 194
162 164
162 166
162 169
162 174
162 175
162 178
162 180
162 182
162 186
162 188
162 189
162 191
162 193
162 198
162 248
163 164
163 166
163 169
163 172
163 174
163 175
163 179
163 181
163 183
163 185
163 187
163 188
163 191
163 194
163 196
163 198
164 165
164 166
164 167
164 168
164 174
164 175
164 176
164 181
164 182
164 187
164 190
164 191
164 192
164 195
164 197
164 199
165 166
165 167
165 168
165 169
165 171
165 179
165 186
165 187
165 189
165 196
165 198
165 199
166 169
166 170
166 175
166 176
166 177
166 181
166 182
166 184
166 187
166 190
166 191
166 193
166 196
166 197
167 168
167 169
167 170
167 173
167 177
167 181
167 182
167 183
167 184
167 185
167 188
167 192
167 195
167 197
167 199
167 241
168 173
168 174
168 176
168 177
168 178
168 179
168 181
168 182
168 183
168 186
168 193
168 195
169 170
169 176
169 179
169 183
169 185
169 186
169 191
169 192
169 194
170 171
170 174
170 176
170 178
170 179
170 180
170 183
170 189
170 194
170 197
170 424
171 173
171 178
171 179
171 184
171 186
171 190
171 191
171 192
171 193
171 194
171 195
171 196
171 197
172 174
172 175
172 176
172 177
172 181
172 186
172 188
172 194
172 197
173 175
173 178
173 179
173 184
173 185
173 186
173 189
173 191
173 193
173 197
174 175
174 176
174 177
174 183
174 194
174 198
174 368
175 176
175 177
175 180
175 184
175 185
175 186
175 187
175 191
175 192
175 193
175 196
175 197
176 177
176 180
176 184
176 185
176 186
176 192
176 193
176 194
176 199
176 476
177 178
177 179
177 182
177 183
177 185
177 187
177 188
177 190
177 191
177 192
177 193
177 195
177 197
178 179
178 180
178 181
178 187
178 192
178 193
178 195
178 196
178 199
178 489
179 190
179 192
179 193
179 196
179 197
179 251
179 394
180 183
180 186
180 187
180 188
180 189
180 190
180 191
180 192
180 194
180 195
180 196
180 198
181 182
181 183
181 186
181 189
181 191
181 195
181 196
181 198
182 184
182 186
182 187
182 189
182 192
182 195
182 322
182 376
183 184
183 185
183 186
183 187
183 189
183 190
183 191
183 192
183 194
183 196
184 188
184 189
184 190
184 191
184 193
184 195
184 196
184 197
184 198
185 193
185 195
185 199
186 187
186 191
186 193
186 197
186 198
187 191
187 192
187 195
187 196
187 197
187 198
187 199
188 192
188 194
188 196
188 197
188 198
189 194
189 196
189 198
190 192
190 195
190 199
190 464
191 195
191 199
192 195
192 197
192 198
192 199
193 198
193 199
193 435
194 196
194 197
195 198
196 198
196 199
197 199
199 203
199 394
200 201
200 202
200 206
200 207
200 208
200 210
200 213
200 215
200 216
200 218
200 223
200 226
200 227
200 228
200 230
200 233
200 236
200 237
200 240
200 241
200 244
200 249
200 426
200 454
200 457
201 202
201 204
201 208
201 214
201 218
201 219
201 220
201 222
201 227
201 231
201 233
201 235
201 241
201 242
201 243
201 244
201 246
201 412
202 208
202 209
202 215
202 218
202 221
202 223
202 225
202 226
202 232
202 236
202 237
202 238
202 243
202 245
203 205
203 207
203 209
203 211
203 213
203 216
203 218
203 219
203 220
203 223
203 224
203 225
203 227
203 229
203 230
203 231
203 233
203 237
203 240
203 241
203 242
203 243
203 244
203 246
203 249
204 205
204 210
204 217
204 219
204 226
204 230
204 231
204 233
204 237
204 239
204 242
204 246
204 248
205 211
205 214
205 215
205 216
205 221
205 223
205 225
205 226
205 229
205 230
205 231
205 232
205 233
205 238
205 239
205 241
205 243
205 247
205 248
205 249
206 209
206 210
206 211
206 213
206 218
206 220
206 222
206 226
206 227
206 228
206 233
206 234
206 235
206 236
206 238
206 239
206 240
206 241
206 245
207 208
207 210
207 211
207 213
207 215
207 217
207 218
207 222
207 223
207 225
207 227
207 229
207 230
207 233
207 237
207 242
207 244
208 210
208 212
208 216
208 219
208 220
208 224
208 226
208 227
208 229
208 230
208 232
208 234
208 237
208 238
208 239
208 241
208 248
209 212
209 216
209 224
209 225
209 226
209 228
209 231
209 232
209 235
209 240
209 242
209 243
209 245
209 249
210 212
210 213
210 216
210 221
210 229
210 233
210 234
210 235
210 236
210 240
210 241
210 242
210 246
211 214
211 215
211 217
211 220
211 222
211 226
211 229
211 230
211 231
211 232
211 240
211 243
211 246
211 453
212 215
212 218
212 219
212 221
212 223
212 224
212 225
212 227
212 228
212 229
212 231
212 234
212 235
212 236
212 241
212 248
212 249
213 218
213 222
213 228
213 232
213 234
213 236
213 237
213 238
213 247
213 248
213 353
214 215
214 217
214 219
214 222
214 224
214 226
214 233
214 237
214 241
214 245
214 246
215 218
215 220
215 222
215 224
215 225
215 227
215 229
215 232
215 234
215 235
215 238
215 241
215 243
215 245
216 217
216 219
216 220
216 221
216 224
216 225
216 226
216 228
216 229
216 234
216 235
216 240
216 241
216 245
216 246
216 247
216 249
217 218
217 224
217 226
217 227
217 228
217 229
217 231
217 234
217 237
217 246
217 247
218 220
218 225
218 226
218 234
218 235
218 239
218 240
218 243
218 245
218 247
219 226
219 229
219 230
219 231
219 232
219 233
219 234
219 235
219 241
219 246
219 249
220 223
220 224
220 225
220 230
220 234
220 235
220 236
220 237
220 244
220 248
221 223
221 226
221 228
221 230
221 232
221 241
221 245
221 246
221 248
221 249
222 223
222 224
222 226
222 227
222 228
222 229
222 230
222 232
222 234
222 239
222 245
222 246
222 247
223 224
223 227
223 235
223 238
223 243
223 244
223 246
223 249
224 225
224 228
224 232
224 233
224 234
224 236
224 237
224 242
224 245
224 248
224 249
225 226
225 227
225 228
225 230
225 232
225 233
225 238
225 240
225 244
225 245
225 246
225 247
225 249
226 228
226 229
226 234
226 235
226 236
226 238
226 241
226 243
226 245
226 246
227 235
227 238
227 240
227 242
227 243
227 249
228 229
228 234
228 238
228 239
228 241
228 243
228 244
228 246
228 247
228 249
228 372
228 411
228 431
229 232
229 236
229 242
229 243
229 244
229 249
230 234
230 235
230 239
230 243
230 244
230 245
230 246
230 249
231 236
231 239
231 240
231 242
231 243
231 246
231 247
231 260
232 238
232 239
232 248
232 249
233 238
233 239
233 240
233 246
233 247
233 248
233 249
234 239
234 240
234 244
234 245
234 247
234 248
234 249
235 238
235 240
235 245
235 247
235 249
236 237
236 239
236 240
236 248
236 249
237 240
237 241
237 245
237 247
237 248
237 412
238 239
238 243
238 244
238 247
239 240
239 241
239 245
239 246
240 244
240 340
241 243
241 351
242 243
242 244
242 245
242 247
242 249
242 374
243 244
244 267
245 249
245 290
246 247
246 249
247 267
249 404
250 252
250 253
250 254
250 256
250 258
250 260
250 264
250 267
250 269
250 273
250 276
250 277
250 280
250 282
250 293
250 294
250 297
250 299
251 252
251 254
251 256
251 257
251 259
251 261
251 262
251 264
251 266
251 278
251 280
251 281
251 286
251 287
251 288
251 290
251 291
251 292
251 295
251 297
252 253
252 255
252 256
252 258
252 262
252 265
252 266
252 268
252 269
252 272
252 277
252 281
252 282
252 284
252 286
252 287
252 290
252 293
252 294
252 295
252 296
252 297
252 299
253 257
253 259
253 260
253 262
253 265
253 267
253 269
253 270
253 272
253 287
253 290
253 297
253 298
254 257
254 260
254 261
254 262
254 267
254 268
254 269
254 273
254 275
254 276
254 277
254 279
254 288
254 292
254 294
254 296
254 362
255 257
255 258
255 261
255 266
255 268
255 271
255 275
255 280
255 282
255 283
255 286
255 290
255 298
256 260
256 261
256 262
256 267
256 268
256 269
256 272
256 275
256 276
256 277
256 280
256 282
256 283
256 284
256 287
256 290
256 291
256 293
256 299
257 262
257 263
257 264
257 266
257 269
257 270
257 273
257 276
257 278
257 282
257 285
257 287
257 290
257 291
257 293
257 294
257 296
257 298
258 260
258 263
258 264
258 266
258 271
258 272
258 273
258 275
258 278
258 282
258 284
258 285
258 286
258 287
258 288
258 289
258 293
258 295
258 297
258 298
258 299
259 269
259 270
259 274
259 275
259 278
259 281
259 288
259 291
259 293
259 294
259 296
259 298
260 263
260 265
260 266
260 267
260 272
260 274
260 276
260 277
260 279
260 282
260 284
260 285
260 290
260 292
260 294
260 297
261 266
261 268
261 269
261 275
261 276
261 282
261 285
261 288
261 290
261 294
261 295
261 298
261 299
262 263
262 265
262 266
262 267
262 274
262 276
262 278
262 283
262 284
262 287
262 289
262 290
262 291
262 292
262 294
262 296
262 298
262 299
263 268
263 272
263 273
263 276
263 279
263 281
263 286
263 289
263 290
263 293
263 294
263 298
264 265
264 267
264 270
264 271
264 272
264 278
264 279
264 285
264 286
264 287
264 292
264 294
264 295
264 297
264 463
264 490
265 268
265 269
265 272
265 276
265 280
265 285
265 290
265 293
265 296
265 299
266 268
266 269
266 271
266 274
266 279
266 280
266 282
266 283
266 287
266 288
266 291
266 294
266 295
266 337
267 268
267 269
267 270
267 271
267 277
267 281
267 285
267 288
267 291
267 293
267 298
268 273
268 274
268 276
268 280
268 282
268 283
268 286
268 287
268 290
268 291
268 294
268 298
268 299
268 329
269 271
269 272
269 275
269 277
269 281
269 282
269 288
269 290
269 293
269 294
269 297
269 298
270 271
270 273
270 274
270 277
270 278
270 279
270 280
270 281
270 282
270 286
270 288
270 292
270 293
270 294
270 295
270 296
270 299
271 272
271 274
271 275
271 281
271 283
271 284
271 286
271 287
271 288
271 289
271 290
271 291
271 294
271 297
272 275
272 277
272 279
272 282
272 283
272 285
272 286
272 292
272 295
273 274
273 275
273 276
273 278
273 279
273 280
273 282
273 288
273 290
273 292
273 293
273 297
274 275
274 277
274 279
274 280
274 282
274 284
274 287
274 288
274 289
274 291
274 292
274 293
274 295
274 296
274 297
274 298
275 276
275 277
275 280
275 283
275 286
275 288
275 295
275 296
275 297
276 278
276 283
276 284
276 286
276 289
276 291
276 293
276 295
276 297
276 298
277 278
277 281
277 282
277 283
277 287
277 292
277 293
277 403
278 279
278 280
278 281
278 285
278 286
278 292
278 296
278 298
278 299
279 280
279 282
279 284
279 288
279 291
279 293
279 294
279 295
279 297
279 298
280 281
280 284
280 285
280 288
280 289
280 291
280 292
280 297
280 299
281 282
281 284
281 285
281 288
281 289
281 294
281 296
281 297
281 299
282 285
282 286
282 287
282 289
282 293
282 298
283 289
283 293
283 297
284 285
284 290
284 291
284 292
284 294
284 295
284 296
284 297
284 298
284 299
285 287
285 288
285 296
285 298
285 333
286 287
286 288
286 289
286 291
286 292
286 294
286 295
287 288
287 290
287 291
287 292
287 293
287 294
287 295
287 298
288 290
288 292
288 299
289 290
289 293
290 292
290 293
290 295
290 296
290 298
290 299
290 409
291 295
291 482
292 294
292 296
292 298
292 299
292 414
293 299
293 306
294 295
294 298
295 297
295 298
295 299
295 417
295 478
297 299
298 299
300 301
300 307
300 310
300 312
300 316
300 320
300 322
300 325
300 326
300 328
300 331
300 332
300 335
300 337
300 338
300 339
300 341
300 342
300 344
300 348
301 306
301 310
301 311
301 313
301 315
301 317
301 320
301 321
301 323
301 324
301 326
301 329
301 335
301 338
301 339
301 340
301 341
301 342
301 344
301 348
301 349
302 307
302 308
302 309
302 310
302 311
302 312
302 314
302 315
302 318
302 320
302 321
302 327
302 330
302 333
302 337
302 338
302 341
302 342
302 345
302 346
302 348
302 349
302 486
303 306
303 309
303 314
303 315
303 317
303 319
303 322
303 323
303 324
303 325
303 327
303 328
303 329
303 334
303 335
303 336
303 337
303 338
303 339
303 341
303 343
303 344
303 345
303 347
304 305
304 307
304 309
304 310
304 311
304 312
304 313
304 315
304 316
304 319
304 321
304 322
304 324
304 325
304 326
304 330
304 333
304 335
304 348
304 492
305 306
305 309
305 314
305 317
305 319
305 323
305 325
305 332
305 333
305 334
305 336
305 337
305 339
305 341
305 347
305 348
306 315
306 320
306 321
306 324
306 328
306 329
306 330
306 331
306 333
306 338
306 339
306 340
306 355
306 495
307 308
307 309
307 310
307 311
307 316
307 321
307 322
307 324
307 326
307 327
307 329
307 332
307 335
307 341
307 346
307 348
307 349
308 309
308 310
308 313
308 314
308 317
308 318
308 324
308 326
308 328
308 333
308 334
308 339
308 341
308 342
308 344
308 345
308 346
309 310
309 312
309 314
309 316
309 317
309 318
309 322
309 328
309 331
309 333
309 337
309 338
309 342
309 345
310 312
310 316
310 317
310 320
310 323
310 324
310 325
310 328
310 329
310 333
310 336
310 345
310 349
311 314
311 317
311 322
311 323
311 328
311 330
311 333
311 337
311 340
311 342
311 345
311 347
311 348
311 349
312 314
312 317
312 320
312 325
312 326
312 328
312 331
312 334
312 335
312 338
312 341
312 342
312 343
312 349
313 321
313 322
313 323
313 325
313 327
313 328
313 330
313 331
313 332
313 336
313 337
313 339
313 344
313 345
313 348
313 349
314 316
314 319
314 321
314 322
314 329
314 330
314 332
314 333
314 334
314 335
314 336
314 342
314 343
314 345
314 347
314 349
315 316
315 318
315 320
315 323
315 325
315 336
315 338
315 339
315 341
315 343
315 348
315 349
315 444
316 318
316 323
316 324
316 329
316 330
316 331
316 333
316 337
316 340
316 342
316 347
316 348
316 349
317 320
317 321
317 323
317 324
317 325
317 328
317 329
317 331
317 338
317 340
317 342
317 349
318 320
318 321
318 322
318 324
318 326
318 330
318 335
318 337
318 339
318 340
318 343
318 345
318 346
318 347
318 349
319 329
319 330
319 331
319 333
319 334
319 335
319 336
319 337
319 339
319 340
319 342
319 343
320 322
320 328
320 329
320 332
320 333
320 335
320 339
320 340
320 344
320 347
320 348
320 349
321 323
321 324
321 325
321 328
321 333
321 336
321 337
321 338
321 339
321 341
321 349
322 326
322 329
322 330
322 331
322 332
322 339
322 340
322 341
322 342
322 345
322 347
322 348
322 349
323 335
323 337
323 338
323 345
323 349
324 328
324 329
324 331
324 335
324 337
324 338
324 342
324 345
324 346
324 347
325 329
325 332
325 333
325 336
325 339
325 340
325 341
325 344
326 327
326 329
326 330
326 332
326 338
326 339
326 341
326 345
326 346
327 328
327 329
327 331
327 332
327 333
327 334
327 335
327 338
327 342
328 333
328 335
328 337
328 338
328 340
328 344
328 345
329 330
329 334
329 336
329 337
329 344
329 347
329 348
329 349
330 337
330 338
330 340
330 341
330 342
330 343
331 332
331 334
331 336
331 339
331 341
331 342
331 344
331 347
332 334
332 335
332 337
332 341
332 344
332 347
333 334
333 337
333 342
333 347
334 339
334 342
334 348
335 336
335 337
335 339
335 340
335 342
335 343
335 452
336 337
336 340
336 342
336 344
336 345
336 476
337 340
337 341
337 343
337 346
338 342
338 344
338 346
338 349
339 343
339 345
339 346
340 343
340 344
340 345
340 346
340 349
341 342
341 345
342 343
342 344
342 346
342 348
343 344
343 499
344 346
344 349
345 346
347 348
347 349
350 351
350 353
350 356
350 357
350 360
350 361
350 363
350 364
350 365
350 366
350 367
350 371
350 372
350 375
350 377
350 378
350 380
350 383
350 385
350 386
350 387
350 390
350 392
350 394
350 395
350 399
351 352
351 357
351 360
351 362
351 364
351 367
351 372
351 374
351 377
351 378
351 382
351 387
351 388
351 389
351 391
351 392
351 395
351 397
351 399
351 454
352 353
352 363
352 368
352 370
352 371
352 372
352 375
352 380
352 381
352 384
352 389
352 390
352 391
352 393
352 395
352 397
352 398
352 399
353 354
353 357
353 363
353 364
353 366
353 369
353 370
353 374
353 377
353 382
353 387
353 389
353 391
353 392
353 393
353 396
353 397
353 399
354 355
354 360
354 362
354 367
354 368
354 370
354 371
354 376
354 377
354 381
354 383
354 388
354 389
354 394
355 356
355 360
355 363
355 365
355 366
355 367
355 369
355 370
355 374
355 375
355 376
355 381
355 384
355 386
355 388
355 393
355 395
355 399
356 358
356 359
356 366
356 371
356 374
356 378
356 380
356 384
356 385
356 388
356 393
356 395
356 396
356 399
357 358
357 363
357 366
357 367
357 368
357 371
357 375
357 378
357 380
357 384
357 385
357 387
357 390
357 395
357 396
357 398
358 361
358 365
358 368
358 370
358 371
358 373
358 375
358 376
358 378
358 382
358 384
358 385
358 389
358 391
358 392
358 393
359 360
359 365
359 368
359 372
359 378
359 379
359 380
359 383
359 385
359 386
359 387
359 389
359 391
359 392
359 393
360 365
360 367
360 368
360 370
360 373
360 376
360 387
360 390
360 392
360 393
361 362
361 363
361 367
361 368
361 372
361 373
361 376
361 380
361 381
361 382
361 383
361 384
361 386
361 391
361 394
362 363
362 366
362 367
362 368
362 371
362 375
362 376
362 377
362 378
362 379
362 387
362 388
362 393
362 395
362 396
362 397
362 398
363 366
363 373
363 378
363 383
363 384
363 386
363 391
363 392
363 394
363 397
363 398
364 366
364 367
364 368
364 372
364 373
364 375
364 377
364 380
364 381
364 382
364 383
364 384
364 385
364 386
364 387
364 392
364 393
364 396
364 397
364 398
365 366
365 370
365 374
365 377
365 378
365 382
365 383
365 384
365 391
365 392
365 396
365 398
366 367
366 372
366 374
366 377
366 387
366 390
366 392
366 394
366 396
366 397
366 399
367 369
367 371
367 376
367 378
367 379
367 383
367 385
367 391
367 392
367 393
367 394
367 395
367 398
368 369
368 370
368 372
368 378
368 387
368 389
368 392
368 394
368 396
368 397
369 373
369 374
369 377
369 379
369 380
369 381
369 383
369 384
369 385
369 386
369 387
369 394
369 395
369 398
370 371
370 374
370 375
370 376
370 380
370 382
370 383
370 385
370 390
370 487
371 372
371 373
371 383
371 386
371 393
371 396
371 397
371 452
372 373
372 375
372 376
372 381
372 384
372 387
372 388
372 391
372 395
372 397
372 399
373 375
373 376
373 378
373 380
373 381
373 384
373 394
373 398
374 375
374 376
374 379
374 381
374 382
374 384
374 385
374 386
374 389
374 391
374 399
375 376
375 378
375 380
375 383
375 386
375 387
375 389
375 390
375 392
375 398
376 377
376 381
376 385
376 387
376 392
376 396
376 399
377 378
377 381
377 384
377 387
377 391
377 393
377 399
378 379
378 382
378 383
378 386
378 389
378 392
378 395
378 396
379 381
379 385
379 387
379 391
379 394
379 396
379 398
379 399
380 387
380 393
380 395
380 396
381 383
381 388
381 390
381 394
381 395
381 396
381 397
381 399
382 384
382 391
382 395
382 396
382 397
383 387
383 394
383 396
383 398
384 385
384 389
384 392
384 396
384 483
385 387
385 389
385 390
385 392
385 397
385 398
386 389
386 390
386 391
386 392
386 394
386 398
387 388
387 389
387 390
387 391
387 392
387 393
387 395
388 392
388 397
389 392
389 395
389 396
389 398
389 399
390 393
390 394
390 398
390 399
391 398
392 394
392 397
393 395
393 396
393 397
393 399
393 498
395 397
396 398
396 399
397 398
397 399
400 403
400 413
400 416
400 417
400 422
400 423
400 424
400 425
400 433
400 435
400 439
400 440
400 441
400 442
400 443
400 445
400 446
400 448
401 402
401 406
401 408
401 409
401 411
401 412
401 413
401 420
401 421
401 428
401 429
401 438
401 443
401 444
401 447
402 404
402 405
402 406
402 408
402 414
402 415
402 416
402 417
402 418
402 419
402 420
402 422
402 423
402 427
402 428
402 438
402 439
402 440
402 441
402 444
402 445
402 447
402 448
403 405
403 408
403 409
403 410
403 414
403 415
403 416
403 432
403 439
403 441
403 444
403 445
403 447
403 448
404 405
404 406
404 410
404 411
404 413
404 414
404 415
404 416
404 425
404 426
404 428
404 434
404 435
404 436
404 437
404 442
404 444
404 445
404 447
404 448
404 449
405 409
405 410
405 419
405 420
405 422
405 423
405 427
405 434
405 438
405 440
405 441
405 442
405 448
405 491
406 409
406 413
406 416
406 419
406 421
406 424
406 428
406 431
406 432
406 437
406 438
406 439
406 441
406 442
406 443
406 444
406 446
406 447
406 449
407 409
407 411
407 412
407 420
407 421
407 425
407 429
407 432
407 435
407 437
407 439
407 442
407 444
407 445
407 446
407 498
408 411
408 418
408 423
408 427
408 429
408 431
408 435
408 437
408 438
408 440
408 446
408 449
409 411
409 412
409 414
409 416
409 417
409 418
409 419
409 421
409 422
409 425
409 426
409 427
409 433
409 434
409 438
409 440
409 441
409 443
409 448
410 412
410 414
410 415
410 416
410 417
410 418
410 419
410 421
410 422
410 425
410 426
410 436
410 437
410 440
410 442
410 446
410 449
411 412
411 414
411 417
411 418
411 425
411 427
411 429
411 434
411 439
411 440
411 441
411 443
411 444
411 449
412 414
412 415
412 416
412 418
412 422
412 425
412 428
412 431
412 432
412 433
412 437
412 444
412 445
412 446
412 448
412 449
413 414
413 418
413 421
413 426
413 427
413 429
413 431
413 439
413 440
413 443
413 444
413 449
414 417
414 419
414 423
414 428
414 430
414 431
414 436
414 439
414 440
414 443
414 444
414 448
415 418
415 421
415 423
415 424
415 425
415 428
415 430
415 432
415 434
415 435
415 436
415 440
415 441
415 442
415 443
415 446
415 447
415 448
415 449
416 417
416 420
416 421
416 427
416 430
416 431
416 433
416 434
416 439
416 447
416 449
417 418
417 419
417 421
417 423
417 425
417 430
417 431
417 434
417 436
417 437
417 447
418 420
418 421
418 424
418 425
418 428
418 429
418 430
418 431
418 432
418 434
418 440
418 441
418 445
418 446
418 448
418 449
419 422
419 423
419 425
419 428
419 429
419 431
419 438
419 440
419 441
419 443
419 444
419 449
420 421
420 422
420 424
420 425
420 427
420 428
420 429
420 432
420 435
420 436
420 439
420 440
420 441
420 444
420 446
420 448
421 423
421 424
421 425
421 431
421 433
421 437
421 440
421 443
421 444
422 430
422 433
422 434
422 436
422 438
422 440
422 441
422 446
422 448
423 424
423 425
423 429
423 434
423 435
423 441
423 442
423 445
423 446
423 448
423 449
424 431
424 432
424 433
424 434
424 435
424 437
424 440
424 444
424 446
424 447
424 449
425 426
425 429
425 434
425 437
425 438
425 440
425 442
425 443
425 445
426 428
426 430
426 432
426 435
426 436
426 437
426 439
426 449
427 429
427 443
427 444
427 446
427 447
428 431
428 432
428 434
428 441
428 442
428 443
428 447
428 448
429 430
429 431
429 433
429 435
429 437
429 438
429 441
429 442
429 449
430 441
430 442
430 443
430 444
430 445
430 446
430 449
431 432
431 434
431 435
431 438
431 439
431 440
431 441
431 442
431 443
432 436
432 438
432 439
432 443
432 445
432 447
433 435
433 436
433 440
433 443
433 445
433 449
434 437
434 440
434 445
434 447
434 449
435 436
435 437
435 439
435 442
435 444
435 445
435 446
436 437
436 439
436 440
436 442
436 447
436 449
437 438
437 443
437 446
437 447
437 448
437 449
438 440
438 447
438 449
439 440
439 442
439 443
439 444
439 445
439 447
439 448
440 445
440 446
440 447
440 448
440 449
441 442
441 445
441 446
441 447
442 443
442 448
443 445
443 446
443 448
444 447
444 449
445 446
445 447
445 448
446 447
446 448
446 449
447 448
447 449
450 452
450 458
450 460
450 461
450 462
450 464
450 465
450 471
450 472
450 473
450 479
450 480
450 487
450 494
450 496
450 497
450 498
451 454
451 455
451 456
451 457
451 461
451 463
451 464
451 468
451 472
451 481
451 484
451 487
451 489
451 493
451 494
452 453
452 457
452 458
452 462
452 463
452 465
452 466
452 467
452 468
452 469
452 470
452 471
452 476
452 477
452 480
452 483
452 484
452 488
452 490
452 497
452 498
453 454
453 455
453 456
453 459
453 467
453 470
453 473
453 478
453 480
453 483
453 486
453 490
453 494
453 496
454 455
454 456
454 462
454 465
454 474
454 479
454 483
454 485
454 492
454 494
454 495
454 498
455 456
455 459
455 460
455 461
455 466
455 467
455 471
455 473
455 474
455 478
455 480
455 482
455 483
455 484
455 485
455 491
455 494
455 495
455 497
455 499
456 458
456 464
456 467
456 469
456 470
456 473
456 476
456 479
456 481
456 482
456 484
456 487
456 488
456 489
456 491
456 496
456 498
457 459
457 461
457 463
457 464
457 466
457 468
457 471
457 475
457 476
457 477
457 478
457 479
457 480
457 485
457 486
457 489
457 490
457 492
457 494
457 497
457 498
458 459
458 465
458 474
458 477
458 480
458 482
458 483
458 487
458 489
458 490
458 492
458 493
458 496
458 497
459 460
459 461
459 462
459 463
459 464
459 466
459 473
459 480
459 481
459 484
459 486
459 488
459 490
459 492
459 495
459 496
459 498
460 462
460 464
460 468
460 469
460 471
460 472
460 479
460 480
460 484
460 485
460 486
460 487
460 488
460 494
460 496
461 465
461 469
461 470
461 473
461 478
461 479
461 480
461 481
461 485
461 486
461 487
461 488
461 489
461 494
461 498
462 464
462 465
462 466
462 469
462 472
462 477
462 478
462 481
462 484
462 485
462 489
462 492
462 493
462 494
462 498
463 466
463 467
463 468
463 472
463 473
463 477
463 478
463 481
463 482
463 483
463 484
463 488
463 489
463 490
463 496
463 497
464 467
464 471
464 472
464 473
464 478
464 479
464 480
464 481
464 484
464 486
464 491
464 492
464 494
464 496
464 498
464 499
465 468
465 486
465 488
465 489
465 492
465 494
465 495
465 497
465 499
466 469
466 473
466 476
466 477
466 482
466 485
466 487
466 489
466 490
466 493
466 494
466 496
466 499
467 469
467 474
467 477
467 481
467 482
467 483
467 484
467 485
467 487
467 488
467 491
467 495
467 496
467 499
468 473
468 477
468 478
468 481
468 483
468 489
468 490
468 492
468 493
468 497
468 498
469 470
469 476
469 479
469 480
469 481
469 485
469 486
469 487
469 488
469 489
469 490
469 492
469 496
469 497
469 498
469 499
470 472
470 475
470 476
470 478
470 484
470 486
470 489
470 493
470 494
470 497
470 499
471 472
471 473
471 474
471 480
471 484
471 487
471 495
471 498
472 474
472 476
472 477
472 481
472 482
472 486
472 490
472 491
472 494
472 498
473 477
473 479
473 482
473 484
473 487
473 490
473 491
473 492
473 493
473 495
473 496
474 475
474 477
474 479
474 481
474 482
474 485
474 488
474 489
474 491
474 492
474 493
474 496
474 498
474 499
475 477
475 480
475 484
475 485
475 494
475 495
475 498
475 499
476 477
476 478
476 479
476 480
476 481
476 482
476 490
476 492
476 494
476 495
476 496
476 497
477 478
477 479
477 481
477 482
477 490
477 492
477 495
477 497
477 498
478 480
478 483
478 485
478 486
478 487
478 488
478 490
478 491
478 495
478 496
478 499
479 484
479 486
479 487
479 489
479 491
479 495
480 483
480 485
480 486
480 493
480 495
480 496
480 497
480 499
481 482
481 484
481 487
481 490
481 492
481 493
481 494
481 495
481 496
481 497
481 498
482 485
482 486
482 491
482 496
482 498
483 484
483 485
483 488
483 489
483 490
483 491
483 492
483 493
483 497
483 498
484 488
484 489
484 495
484 497
485 486
485 488
485 490
485 491
485 492
485 496
485 499
486 487
486 492
486 496
486 498
487 488
487 489
487 490
487 492
487 493
487 494
487 495
487 496
487 497
488 494
488 499
489 492
489 498
490 493
490 494
490 495
490 497
490 498
491 493
492 493
492 494
492 497
492 498
493 497
494 498
497 499
0
0
0
0
0
0
0
0
0
0
0
0
0
0
0
0
0
0
0
0
0
0
0
0
0
0
0
0
0
0
0
0
0
0
0
0
0
0
0
0
0
0
0
0
0
0
0
0
0
0
1
1
1
1
1
1
1
1
1
1
1
1
1
1
1
1
1
1
1
1
1
1
1
1
1
1
1
1
1
1
1
1
1
1
1
1
1
1
1
1
1
1
1
1
1
1
1
1
1
1
2
2
2
2
2
2
2
2
2
2
2
2
2
2
2
2
2
2
2
2
2
2
2
2
2
2
2
2
2
2
2
2
2
2
2
2
2
2
2
2
2
2
2
2
2
2
2
2
2
2
3
3
3
3
3
3
3
3
3
3
3
3
3
3
3
3
3
3
3
3
3
3
3
3
3
3
3
3
3
3
3
3
3
3
3
3
3
3
3
3
3
3
3
3
3
3
3
3
3
3
4
4
4
4
4
4
4
4
4
4
4
4
4
4
4
4
4
4
4
4
4
4
4
4
4
4
4
4
4
4
4
4
4
4
4
4
4
4
4
4
4
4
4
4
4
4
4
4
4
4
5
5
5
5
5
5
5
5
5
5
5
5
5
5
5
5
5
5
5
5
5
5
5
5
5
5
5
5
5
5
5
5
5
5
5
5
5
5
5
5
5
5
5
5
5
5
5
5
5
5
6
6
6
6
6
6
6
6
6
6
6
6
6
6
6
6
6
6
6
6
6
6
6
6
6
6
6
6
6
6
6
6
6
6
6
6
6
6
6
6
6
6
6
6
6
6
6
6
6
6
7
7
7
7
7
7
7
7
7
7
7
7
7
7
7
7
7
7
7
7
7
7
7
7
7
7
7
7
7
7
7
7
7
7
7
7
7
7
7
7
7
7
7
7
7
7
7
7
7
7
8
8
8
8
8
8
8
8
8
8
8
8
8
8
8
8
8
8
8
8
8
8
8
8
8
8
8
8
8
8
8
8
8
8
8
8
8
8
8
8
8
8
8
8
8
8
8
8
8
8
9
9
9
9
9
9
9
9
9
9
9
9
9
9
9
9
9
9
9
9
9
9
9
9
9
9
9
9
9
9
9
9
9
9
9
9
9
9
9
9
9
9
9
9
9
9
9
9
9
9
